200 00011110
201 00000000
202 00010100
203 00000000
204 00000001
205 00000000
206 00000010
207 00000000
208 00000011
209 00000000
210 00000100
211 00000000
212 00000101
213 00000000
214 00000110
215 00000000
216 00000111
217 00000000
218 00001000
219 00000000
220 00001001
221 00000000
222 00001010
223 00000000
224 11110101
225 01110000
226 00000000
227 00000000
228 11110101
229 10000000
230 00000000
231 00000000
232 11110101
233 10100000
234 00000000
235 00000000
236 11010001
237 01101101
238 10101100
239 00000000
240 00000000
241 00000000
242 11010001
243 01101101
244 10000001
245 10110000
246 00000000
247 00000000
248 00110101
249 10100000
250 00011110
251 00000000
252 11010001
253 10110000
254 11001000
255 00000000
256 01110101
257 11100000
258 00001100
259 00000000
260 00101001
261 11100000
262 01010000
263 10100010
264 11011110
265 00001000
266 01011100

0 UND 0 global 0
1 .data 1 global 200
2 step 0 extern 0
3 cnt 1 global 202
4 numbers 1 global 204
5 .text 5 global 224
6 main 5 global 224
7 obrada 0 extern 0
8 init 5 local 224
9 loop 5 local 236
10 .bss 10 global 262
11 memory 10 global 262

0 226 absolute 2 3
1 230 absolute 2 4
2 240 absolute 2 7
3 246 absolute 2 2
4 258 absolute 2 5
